9.8323 5.9002 0.1944
4.5423 4.1827 0.2087
7.0883 3.3992 0.1911
7.6479 8.6789 0.2055
5.4898 8.0667 0.1981
2.2328 0.2695 0.1968
3.1109 1.6231 0.2187
4.8514 7.7109 0.2232
5.4597 5.1107 0.1972
9.2553 6.1413 0.2062
4.9606 4.3690 0.2186
3.5692 3.7742 0.2287
4.8210 6.9696 0.1964
2.6507 3.9190 0.1979
0.7084 2.2782 0.2171
4.6099 3.3589 0.2209
3.9262 4.1526 0.2065
7.7878 6.2743 0.2118
1.9758 0.8165 0.2187
2.7064 1.4381 0.2117
5.5589 2.5700 0.2252
1.8633 1.2678 0.1998
9.5380 0.3545 0.2213
7.3840 2.0119 0.2079
8.1108 0.3829 0.2144
3.9665 9.4927 0.2013
4.3248 8.8209 0.2039
8.0808 8.2901 0.2181
9.8176 1.3466 0.2126
3.6656 8.6350 0.2316
8.6355 6.0009 0.2369
9.8350 5.3782 0.2089
1.0084 6.6908 0.1956
5.5197 0.4514 0.2164
0.9376 9.0405 0.2134
5.4809 0.0009 0.1962
7.5013 1.0075 0.2008
3.4086 7.3792 0.1880
0.7893 9.5268 0.2166
1.5983 5.7723 0.2226
8.1017 8.8828 0.2149
8.4563 5.4675 0.2066
9.5665 6.9210 0.2008
4.9949 0.6840 0.2227
8.7427 5.0718 0.2409
8.6171 9.2138 0.2263
1.4609 1.0411 0.2096
6.1486 5.8435 0.2329
2.4203 2.7641 0.2311
4.7191 0.2322 0.2160
2.1196 3.2518 0.2067
4.1505 2.9571 0.2105
6.9720 8.4659 0.2101
3.8401 9.0638 0.2238
3.6445 5.8171 0.2372
7.7440 3.2699 0.2239
5.9384 6.7782 0.2131
7.1590 6.3914 0.2310
8.4003 6.4413 0.2125
8.9831 4.3521 0.2384
9.7940 4.3853 0.2214
2.0866 5.7549 0.2222
1.3462 2.2262 0.2221
5.8291 1.8959 0.2299
3.6044 1.2712 0.2242
4.5746 8.4091 0.2102
3.9801 6.7052 0.2032
9.3958 4.1467 0.1958
3.7318 8.0146 0.2279
7.2409 7.5418 0.2202
2.1398 8.0929 0.2119
7.5450 5.8709 0.2297
6.0422 9.2305 0.2300
9.4813 2.2258 0.2349
3.3853 9.1216 0.2153
1.2611 9.4823 0.2131
4.3240 7.0440 0.2408
9.1308 5.7077 0.2222
2.9203 3.2218 0.2201
3.1946 6.1243 0.2180
1.3229 4.2019 0.2161
8.1824 5.9098 0.2210
8.8312 8.5632 0.2323
8.9921 2.4423 0.2347
2.4177 7.7300 0.2132
1.7985 7.4648 0.2121
6.8382 7.2900 0.1923
1.6588 0.3485 0.2398
4.5043 6.4461 0.2159
1.9904 4.8216 0.2168
9.4750 1.7114 0.2030
7.9648 6.6861 0.2018
0.9137 2.8275 0.2199
1.0610 7.1889 0.2162
1.1837 0.4782 0.2273
3.5445 6.8786 0.2131
9.2864 3.0221 0.2052
2.6032 5.5352 0.2246
6.9506 7.9672 0.2291
0.5642 8.7508 0.2226
3.5772 6.3928 0.2273
2.3369 9.5377 0.2066
1.4440 2.7245 0.2029
7.5630 4.6200 0.2137
4.0703 7.5012 0.2195
9.8566 0.8451 0.2164
6.0162 6.3357 0.2046
3.0599 7.0980 0.1998
7.4284 8.2964 0.2220
6.4646 9.4952 0.2515
1.5634 5.2817 0.2135
5.7856 1.3028 0.2211
6.3019 7.0280 0.1928
8.9311 3.8679 0.2183
2.1938 3.8711 0.2221
3.2438 0.8111 0.2093
1.7306 9.4241 0.2128
0.8455 4.1629 0.2228
8.5007 0.9519 0.2135
2.8451 8.1915 0.2309
1.2271 7.9376 0.2282
4.5708 2.1365 0.2181
2.8980 2.5452 0.2067
1.8640 2.3061 0.2163
1.3456 8.8465 0.2175
6.5791 6.0749 0.2247
0.8575 7.6003 0.2053
2.7402 6.0380 0.2297
2.5218 3.4414 0.2183
9.3687 5.2589 0.2416
5.9237 9.7024 0.2219
3.4849 5.2428 0.2102
2.6413 9.0831 0.2055
9.2028 4.7746 0.2335
2.2097 5.2524 0.2267
9.0377 0.2415 0.2158
8.0761 7.5507 0.2293
5.9619 5.3959 0.2261
5.5511 8.5097 0.2256
9.0938 9.7150 0.2121
9.7431 6.4034 0.2097
7.8854 2.8069 0.2285
3.3726 3.3254 0.2136
2.3393 1.0409 0.2042
7.3586 7.0517 0.2444
0.3333 2.8134 0.2291
3.6521 1.7729 0.1977
6.1062 8.0150 0.2165
4.2773 2.4759 0.2054
7.4219 9.3210 0.2052
8.9151 0.7786 0.2031
0.8095 8.1353 0.2008
8.6237 0.4056 0.1969
1.8153 6.1695 0.1989
3.0683 5.4440 0.2189
1.4073 4.8112 0.2146
3.1855 8.7316 0.2185
8.5510 3.5394 0.2086
4.8613 3.8138 0.2322
1.8574 6.9567 0.2166
6.8259 4.2214 0.2277
5.2928 7.5614 0.2283
4.0362 1.3913 0.2144
0.3173 7.8306 0.2077
2.3164 2.2949 0.2117
5.8117 0.8231 0.2150
8.4674 4.4503 0.2028
2.7736 2.0649 0.2365
1.4601 8.3439 0.1985
7.1179 2.4225 0.2235
3.2548 9.6482 0.2193
6.6383 8.9982 0.2084
9.4665 9.4183 0.2222
6.1693 1.5581 0.2086
7.5716 7.8470 0.2121
0.7859 0.7589 0.2142
1.8879 8.4959 0.1953
5.1079 2.4497 0.2185
4.4655 9.3142 0.2145
8.4917 2.2089 0.2393
5.4630 9.8004 0.2039
7.9769 5.4776 0.2016
7.4849 3.7540 0.2086
7.4773 0.5445 0.2013
7.6994 9.7536 0.2058
4.5514 1.1489 0.2088
9.8982 3.5618 0.2364
9.3371 1.3018 0.1988
4.1108 1.9158 0.2240
8.7818 7.5806 0.2140
4.3650 7.8501 0.2171
6.8255 1.1246 0.2008
0.2299 3.3439 0.2305
5.2874 6.8127 0.2035
6.4266 4.8001 0.2137
9.2127 9.0169 0.2032
0.9438 1.8391 0.2295
1.0521 8.5076 0.2143
5.9789 4.8933 0.2196
9.0265 6.8438 0.2282
6.8328 5.4833 0.2281
0.9322 6.2169 0.2101
9.9228 3.0339 0.2282
1.9348 2.8026 0.2509
3.1556 0.3541 0.2143
8.5006 2.7527 0.1993
7.5486 2.4536 0.1977
6.4099 2.0277 0.2182
5.2110 2.0133 0.2255
3.2703 2.0965 0.2376
2.2440 6.6783 0.2259
2.4021 1.7593 0.2013
5.3847 3.8975 0.2275
6.5373 7.7592 0.2254
0.3837 4.9971 0.1964
5.4234 5.5854 0.2110
0.6522 0.3149 0.2018
8.7117 8.0651 0.2482
2.8725 7.6811 0.2059
1.6247 6.5545 0.2060
5.3806 9.3523 0.2348
0.3828 8.3330 0.2134
4.4193 1.5964 0.2158
5.8804 3.9492 0.2122
9.3599 0.8520 0.2022
7.0144 1.6143 0.1878
1.7155 3.4563 0.2071
2.7855 9.6715 0.2347
6.4104 5.2691 0.2096
5.6242 8.9542 0.2205
3.0372 4.3620 0.2257
2.8714 4.9042 0.2054
4.6056 2.8310 0.2372
6.2718 8.4685 0.2559
1.3207 3.1543 0.2268
3.8049 4.7801 0.2187
1.0558 1.3221 0.2204
4.9706 6.5002 0.2038
7.2085 9.7083 0.2059
4.1418 8.2494 0.2232
0.2113 6.8535 0.2203
3.6868 2.9820 0.2241
2.2970 6.1489 0.2197
8.2023 5.0060 0.2311
6.4711 6.5454 0.2231
7.0557 5.9115 0.2252
5.7736 3.4693 0.2440
6.1875 7.4553 0.2049
7.1448 8.9301 0.2364
8.4510 1.6620 0.2332
1.7066 4.4504 0.2106
4.6682 4.7891 0.2224
5.0225 1.1430 0.2327
7.8443 7.1395 0.2256
1.2761 3.6930 0.2389
4.7917 5.7578 0.2330
4.2338 4.5380 0.2335
5.7627 7.7165 0.2102
2.1742 4.3578 0.2230
0.4427 7.4004 0.2012
5.9262 4.4240 0.2253
5.5492 3.0548 0.2122
0.3201 1.4536 0.2138
2.2346 7.2520 0.2182
8.0186 4.5519 0.2205
6.9028 6.8156 0.2445
1.9139 1.7368 0.2421
1.6631 3.9232 0.2036
1.4427 1.6656 0.2300
7.7384 5.0630 0.2313
7.0231 0.6035 0.2048
0.6470 6.9942 0.2068
8.9482 1.5647 0.2653
6.2524 3.5256 0.2337
2.6075 6.9387 0.2168
3.3242 2.6924 0.2070
0.3178 3.8353 0.2550
4.8930 1.6310 0.2245
0.5206 5.9216 0.1914
7.1210 5.0627 0.1573
4.2676 5.0113 0.2071
0.4107 9.1888 0.2199
5.5735 6.0442 0.2074
0.0001 7.2766 0.2105
3.3417 4.7648 0.2298
3.6726 0.7938 0.2155
6.5493 0.8197 0.2062
4.0479 0.4817 0.2203
5.0565 5.2955 0.1691
6.9015 1.9769 0.1876
5.3493 1.5127 0.2335
4.2800 5.8168 0.2467
2.2563 8.8479 0.1975
0.1713 1.0151 0.2124
0.5662 6.5155 0.2138
0.0039 2.4399 0.2282
5.1924 3.4546 0.2510
0.1635 1.9454 0.2537
5.7211 7.1915 0.2495
2.6575 0.6696 0.1780
3.7505 9.8371 0.2008
9.9972 2.3408 0.2266
7.1271 0.1769 0.2299
7.6841 0.1461 0.2245
6.0690 0.0307 0.2456
8.1650 9.7040 0.1939
5.4411 4.6810 0.1957
6.9549 9.3887 0.1976
2.7609 0.1586 0.2098
0.5698 5.4296 0.2495
3.6761 0.1775 0.2420
0.0930 9.5239 0.1896
0.2290 0.4021 0.2259
3.9911 3.4303 0.2845
1.1095 9.9859 0.2039
1.2579 0.0022 0.1874
2.0793 9.9791 0.2573
9.9794 0.0167 0.2548
5.5199 6.4391 0.1868
6.5499 3.1402 0.2392
1.5510 9.9969 0.2334
7.9268 1.8431 0.2087
3.1980 7.9192 0.1930
5.1271 2.9939 0.2099
0.0930 5.9577 0.2056
4.5211 0.6676 0.2299
9.9296 4.9268 0.1970
6.1775 0.4986 0.2222
2.5775 8.6113 0.1970
0.4817 4.5549 0.2113
0.0761 8.8479 0.2096
6.6845 1.5296 0.1485
7.3775 5.3662 0.2357
9.5915 9.8958 0.2204
6.6000 2.4254 0.2113
4.5549 5.2986 0.1949
7.3606 4.2000 0.2113
5.1634 6.0761 0.1996
2.6282 4.5549 0.2158
8.8141 3.2197 0.2011
3.6423 2.3070 0.1854
5.0958 4.9099 0.2141
9.6423 2.6451 0.2099
0.1268 6.3803 0.2139
2.8648 1.0056 0.2124
8.5944 7.1577 0.2442
4.1155 0.9211 0.2200
7.5127 1.4620 0.2495
5.0789 8.7127 0.2023
